99 83
356700 116971 307758 455885 165841 475764 3403 757169 918399 754640 276184 524903 798976 187331 532343 956960 111580 912805 655675 312943 882555 669988 532324 638552 208574 160264 392078 799551 169397 565580 999817 816450 967243 556117 963111 600 628039 339903 512341 20423 117302 974231 380613 921407 872065 845965 322452 251084 60739 252573 920660 594917 992949 82583 89815 767461 509598 855663 72575 797550 558583 803036 131870 134629 691799 498370 992843 576511 173149 277933 553307 914813 636060 443693 222087 974037 565493 791953 765389 723379 210923 747582 326859 418374 704315 681447 391560 459382 943314 542718 473418 126883 259948 235613 67137 354509 22057 616887 580829 
29
75
28
0
9
90
80
7
29
8
4
42
9
65
30
35
85
62
27
69
16
92
73
73
60
31
60
52
24
12
12
84
55
45
54
52
59
93
6
86
83
82
12
7
51
93
43
13
31
24
24
68
57
17
54
23
35
59
31
9
56
70
12
6
83
69
1
11
96
30
21
52
62
61
27
51
7
21
48
0
49
33
58
