57 79
854597 754214 935352 529299 447471 870915 950907 574486 467575 940791 166890 779780 903343 497733 471933 271783 788296 259250 880661 668637 290783 803014 815452 546623 508137 657194 250868 287937 461240 81248 748207 299608 245885 284914 352162 335240 936407 566391 84492 145096 158158 242496 401642 727660 160228 740735 224346 67349 435021 427399 346955 568970 488558 435971 65291 216882 873350 
26
24
49
37
44
1
54
56
48
36
24
30
0
22
19
48
24
54
53
26
34
47
47
34
51
38
14
31
14
17
27
31
1
24
21
42
43
51
25
46
10
53
29
8
39
34
1
25
37
36
42
1
5
41
27
8
55
29
11
3
16
24
20
13
29
20
21
48
56
24
17
48
53
26
16
53
5
30
1
