98 27
655901 221276 277502 692510 85132 164687 251517 182257 578806 78712 164137 2806 428362 472388 722859 622657 492739 305408 34226 242721 302100 741297 296452 737136 901363 476087 74638 720776 244763 968791 277406 826098 829684 655421 618440 693301 842957 979023 207429 445791 120352 571016 235730 679095 156227 952539 278536 866786 149146 74879 62536 173983 831132 322555 623949 785340 864279 596857 965941 302631 460486 130395 491466 722132 318863 733724 422061 988468 285471 524784 566212 517782 459024 84350 627087 41798 932628 453015 770215 337979 633040 262530 27122 95764 240045 707054 876567 902318 603140 615644 996972 21754 801910 704939 861323 282603 604239 42186 
97
96
22
60
66
83
56
35
23
74
55
81
62
11
60
44
52
42
41
85
13
20
42
52
88
63
36
