92 44
213488 720893 665047 894344 276808 529960 512263 263320 949315 952274 887205 53267 96782 665096 444152 869635 290121 46229 3718 349760 808578 137175 668062 274681 169431 777237 463299 578479 739946 448463 588154 10140 117309 78899 990958 926005 724587 947838 156295 572093 37779 875137 387152 610806 579365 155288 450665 133637 43861 323233 382365 942651 978414 834795 902513 41833 942591 375191 220282 715199 261651 699331 107787 370859 818012 587081 927083 917203 426118 650811 785885 162061 970734 975051 248238 906605 170396 838743 850156 185653 924232 432323 25991 188074 772344 969396 348322 820392 976032 431713 841205 702449 
31
34
20
89
13
48
4
60
28
25
58
44
39
29
28
3
84
24
51
42
35
8
35
44
82
65
51
86
68
42
3
14
33
22
74
33
4
13
76
55
44
40
55
77
