218 156
6598057564 691125524287 686096346192 293266453594 410411023305 427395973600 915514641779 829794493046 281782575900 216184970136 984952214544 430614889341 713476392346 495146944244 489750041859 737237186327 848306743500 225080728210 121052931856 425380691026 119420001512 227093107227 834083261489 809902871943 329627027774 759491649893 234823928131 652348203682 334225165006 508356359225 708903110716 251797257946 977392163769 927216353648 237306961458 27964958919 14215918991 911462598828 945669846924 224772526489 428293890110 359574530077 663103240906 183626424645 540825799271 616242661716 316095593022 943462685436 274610868113 674643473291 971123293906 936304033329 678738835457 940812706598 330712522527 418523348491 625900207725 175927050477 56252185990 237803962997 208932000333 468026624378 965258880681 83205632482 456469032650 24282138680 847386180904 987992770792 331228206519 288371998764 978961540736 880396496975 227266330728 818778433943 751414943699 33469660203 523694137782 13634722819 94972837024 260811068840 955438000285 639462390628 612870008594 297525847424 768896035918 526405067332 803430686389 170474989453 69644937301 744736758939 31685799220 545620452580 912390586508 452971739165 631417182717 51098978753 71539595345 850229272981 308706683531 312286650109 527073536839 881338879658 26917781719 299235708277 961914574849 258505791480 492588404181 3480443643 717241660444 957967214277 917247011012 480422149169 539890046088 256804528969 935081250055 54728732298 400662540143 657509740121 499793735603 518921016182 178432658584 723157677280 411895184356 608709387985 161236366601 808831295909 380702955578 190726619807 440578654854 512699308135 382181277337 321123165390 893987277279 827522764701 544985948121 595607642207 396888589632 476575525789 661796244433 971750095922 365663385867 394813662132 513873355601 826569757852 947208702133 183310654466 46771081082 555525903860 948836867932 691415492243 657752983418 594172861895 913250481573 174997557262 879828765827 152787846280 897550376952 226741106627 763751208645 87601656985 463098163013 124041760864 554009995876 45286121163 113900680897 6766568923 732508598902 184435730582 252285138853 780326884119 368455470046 126655063679 804556841664 879765934458 602898827757 437815772319 723801293434 433015857884 632301097110 821846864119 757666584065 245270234754 707125431438 169452154033 763792714261 828478723082 786787891229 979255103787 878340186984 541628880511 760519336689 339088143049 829967354452 332456753375 231177610954 702407399290 209656656821 17280825054 322256109711 228153282164 907035735516 750657495528 73320830493 495009729362 132933587156 727384985210 10320809896 655832136693 374951570421 409687255153 331607760896 680445328806 697839583900 651180621223 743209193443 545596215530 383624897693 279306191406 
179
121
204
98
192
137
197
25
108
176
150
158
89
175
125
6
97
9
124
194
22
121
64
139
23
21
62
185
212
183
161
24
116
97
191
86
61
154
120
8
82
79
141
198
180
115
55
157
105
24
2
175
32
151
172
199
7
129
113
17
128
46
118
70
178
144
99
205
137
167
185
12
64
149
30
178
132
125
44
115
75
41
10
74
153
84
109
28
175
39
214
19
50
123
124
63
1
99
198
190
206
167
45
197
96
11
77
46
57
87
174
149
216
126
58
182
113
206
179
29
25
42
35
33
189
154
144
6
112
127
93
203
178
110
5
181
134
177
94
162
139
27
107
121
8
71
111
142
179
108
17
16
22
67
170
91
