614 764
379333 609292 503826 593048 457251 910527 270440 658502 719232 499165 727969 858030 125393 391331 537423 768562 603208 18398 886341 272145 170758 609909 61353 153236 335210 483440 920983 726960 142080 374746 171242 55458 285916 378708 439893 667154 956412 373277 51082 303937 305832 555339 669984 981800 80559 538829 203230 803674 658538 192149 801835 99100 627848 789189 175255 570124 338278 914823 331571 866986 886042 718241 838733 315698 284646 718740 731872 721784 380133 100489 560381 608223 368711 863309 150699 13525 143602 543342 295088 391134 816640 508454 432008 356845 965642 955031 170949 107393 228460 162063 527836 231855 871969 197570 833730 940633 585793 643227 723154 871804 998764 551187 887169 557943 747160 577884 736379 793046 841567 119503 437620 482861 960529 80112 122228 858621 137607 968266 18224 502812 365125 326709 724620 380181 145767 856728 463406 932946 626681 548533 800682 358661 180573 744379 319485 30157 780624 854143 124358 233160 134967 898436 727968 149275 721470 237581 322362 131433 220035 136544 82424 445441 724376 800089 822115 117150 81512 19720 812324 507779 794123 452196 44583 205889 113055 34386 831579 691839 538422 621991 62145 491869 124699 952663 265303 45384 69466 316299 700016 10772 791204 101192 820376 129807 964793 631025 215379 616147 944951 209741 193758 703176 368610 30681 95190 152628 886951 782446 987597 290850 994881 607914 364734 369312 168357 896678 524954 818731 763945 642732 253570 529436 597936 71657 103920 859399 606218 800320 14664 554528 227539 750583 200853 295549 180118 945460 790646 563218 4540 760584 103480 969128 224412 965191 528688 892650 742137 497776 384265 732046 618011 194119 461024 706243 112538 189634 875291 372059 398056 444693 224683 539232 238608 427377 118328 798396 329547 129621 488534 115675 544974 142515 519901 799302 378799 738964 302275 584196 757216 42582 86244 344054 517696 121344 403473 297389 479143 629555 771935 327163 720421 881947 465522 236846 580823 427067 304705 896916 448751 197956 898393 72991 938219 881914 841416 498784 984699 712121 385291 188007 13407 706907 515531 704744 110281 415624 459338 548052 690538 709382 89136 125009 150332 413990 420086 728800 619245 106664 777448 970238 935779 176920 67854 381378 208758 355082 209992 623862 885030 423928 128726 244182 878822 445335 760428 523355 292048 801969 748153 803181 610186 622488 286233 793042 827844 839893 675106 989044 419678 373396 498941 699062 632465 996293 424090 508070 536257 292439 154533 805306 476720 113285 128126 262868 513112 521430 242035 658895 988182 141148 31168 104442 773638 55420 870646 71543 522333 711048 28049 187796 401220 633953 712198 342839 160156 317460 652180 653507 101014 797098 80235 693194 788120 545206 804858 516097 831240 488660 211741 307824 694256 522085 514065 529316 274376 568788 360308 848803 901432 566786 573173 18529 998854 801076 33134 451314 922879 959384 124922 402266 471981 329840 894304 394618 464054 481985 37729 34456 185461 583708 691443 902154 817242 317766 927676 740357 172118 515354 451602 141022 327638 750491 407981 511134 801124 114696 596488 707815 514383 692143 580685 718667 565594 600006 492641 499029 589568 895853 163904 531298 58445 410397 276186 518722 619756 396150 646909 709349 369900 803703 298255 336051 64408 29515 619146 47311 134426 877590 384209 365824 848879 778104 612334 28207 802365 934641 655521 357834 399061 102079 448946 361909 374726 431940 368333 59192 693361 256093 259643 246020 679565 327261 621315 89068 954613 721412 68682 911150 319724 120032 353994 178027 20670 564571 341959 39194 483299 689720 905308 442996 595643 539765 945197 441632 279571 21394 729766 492517 616552 23317 331890 396087 598060 409261 338084 600351 102473 847592 512082 104918 724424 707906 215911 352288 520861 527192 850875 802060 699807 356033 174722 644694 314071 380984 457170 211560 521092 666312 888495 825387 78980 881203 891641 561863 224480 301315 278036 49841 311763 601381 421557 843688 236859 654912 778975 96425 752571 885195 606280 99336 620616 353201 286644 70538 593944 840105 556861 498356 447853 219928 364188 834302 80386 683186 863753 316510 529153 843188 314478 453940 695685 566177 328575 209796 434440 421844 263471 655323 540404 475245 704182 800528 574161 189374 
19
528
191
590
511
218
478
274
545
444
579
61
534
205
373
473
151
246
154
307
445
420
326
65
208
422
273
293
164
262
241
415
244
116
153
196
28
251
317
475
497
573
446
432
37
206
163
279
139
29
264
284
563
180
43
497
20
56
85
321
305
65
416
372
92
406
143
241
114
584
512
123
534
594
537
257
508
92
243
125
320
337
598
399
241
433
223
147
109
179
219
281
450
418
260
603
57
502
546
383
115
324
558
433
486
252
284
148
371
486
376
315
21
35
55
245
259
565
393
316
371
124
547
242
453
397
8
402
261
308
92
241
304
215
164
449
324
416
34
280
82
503
482
422
340
432
102
164
267
518
67
360
430
560
334
464
28
53
188
454
139
3
410
204
312
321
589
84
113
161
255
528
133
608
420
327
462
489
136
266
177
607
335
288
203
86
424
376
186
402
386
584
229
21
23
571
234
91
473
203
268
172
50
410
439
266
152
91
376
174
580
120
14
538
445
464
506
121
229
208
195
272
294
506
391
133
441
211
220
289
193
428
184
418
149
29
297
268
241
461
254
378
596
469
87
10
480
136
331
407
217
392
433
611
262
74
97
570
60
53
340
240
482
362
612
46
5
259
516
390
309
404
379
135
572
42
594
183
266
173
515
504
347
479
135
91
324
543
443
145
266
119
320
45
130
511
287
369
440
289
269
270
529
320
446
168
323
503
154
569
450
54
193
152
55
235
187
36
481
266
167
478
446
118
506
41
452
365
574
496
468
504
115
151
126
357
95
208
290
184
172
520
279
576
599
217
597
4
538
584
184
426
78
252
510
96
336
26
291
124
403
382
604
108
331
157
29
83
471
491
464
275
608
5
337
44
463
332
582
132
216
49
289
330
56
72
560
390
94
408
261
182
245
408
91
21
213
166
397
412
291
157
123
305
502
442
317
134
367
98
376
524
204
501
456
397
487
274
576
433
92
432
377
190
444
436
95
41
525
349
474
229
158
507
539
537
85
297
479
447
81
489
307
152
130
307
254
535
437
302
582
48
564
78
46
525
110
522
435
422
96
475
582
259
363
260
599
83
515
16
116
473
183
186
402
46
85
426
304
321
601
465
460
271
349
191
216
189
80
265
108
444
547
18
5
404
119
13
175
488
471
414
498
310
369
404
309
89
128
138
14
195
114
16
192
27
214
492
148
247
446
551
195
88
308
474
151
485
432
22
119
170
156
455
496
482
20
460
599
248
206
301
583
401
52
341
8
105
442
425
507
592
610
567
297
37
499
409
497
525
605
499
237
62
540
19
432
590
323
566
65
274
427
484
119
506
355
459
446
21
165
294
196
480
352
448
237
519
224
601
347
479
134
300
399
426
368
483
165
212
289
88
494
132
177
204
160
503
103
425
505
310
240
214
570
48
18
367
267
365
162
178
515
32
65
345
440
116
232
123
575
229
498
264
348
363
47
570
273
154
527
106
51
448
468
113
108
104
575
42
519
107
171
120
210
370
160
299
452
518
510
101
157
372
342
141
125
206
449
425
6
251
485
349
293
517
175
87
272
381
424
369
251
155
542
431
233
141
439
423
419
469
528
370
30
453
149
10
529
71
86
346
322
411
168
444
62
402
37
154
588
59
532
302
429
411
566
311
321
352
8
286
540
150
413
456
210
557
452
353
414
202
308
86
37
550
342
399
129
532
553
290
218
95
523
565
319
533
348
163
23
28
552
606
264
247
311
432
517
113
61
381
265
519
