363 127
50052 793311 682584 987070 130810 470535 312435 600242 772653 5467 475160 355447 247566 844511 781985 609846 593072 749362 937783 983082 658238 697849 559194 885518 624479 245197 367356 313736 298358 699319 822912 854673 749580 600589 705098 146771 749052 396012 544910 773338 259663 110339 343773 541539 610659 201909 862814 816369 378817 476379 102748 153673 746210 446371 868680 432069 85928 96730 65215 445527 931670 136382 499388 225218 467837 81866 387234 709700 551819 422318 616814 586121 544154 816657 413960 914374 276503 612687 523059 667378 443991 461458 722488 976262 993862 513322 767261 437175 863830 170754 151358 530355 133300 508313 745696 479947 135671 738748 538114 905206 554845 123793 728206 222972 477556 496350 34192 782759 164459 989929 586182 387273 966470 998058 124536 630824 893720 428469 115696 126738 387539 599539 303658 42239 548172 160752 123462 389512 319737 392650 317992 308262 509530 29337 829638 149810 149045 821867 618266 442245 51015 982328 937693 319988 932245 297253 226054 191971 858915 775591 512538 2188 128271 574135 365585 70847 912709 46853 437860 504551 600897 324746 593247 474349 944020 354234 819305 395634 498313 874995 755010 874181 635133 139261 798964 145252 529284 667377 483327 798679 471786 699632 470889 156220 908430 763221 341014 93654 838664 655120 696782 653881 429527 406046 244132 943975 414604 355466 567274 48046 703012 933278 464621 771661 290849 677293 92831 908019 173660 741562 26009 599781 660718 834833 809077 741762 323851 588298 676499 129795 675193 586524 89289 201775 648759 568155 604877 794418 55443 597945 547099 198596 787018 498950 527055 940431 19571 126127 690230 981658 557696 188475 19896 288320 824975 215803 257202 869994 739894 879669 930775 607706 465809 88760 846119 559462 636334 335997 421316 617500 47169 515347 903846 979212 24394 356471 458246 189277 435093 25226 901407 553546 332800 400568 269671 95447 120214 104159 568097 176325 299213 151031 191543 267969 805626 93983 161720 321698 998418 427061 711573 177410 61776 644325 341093 190273 28492 747950 61344 312502 408882 103541 335588 149381 432877 936390 339967 270464 393755 987316 867950 943196 126843 54399 212399 251263 788670 626005 614497 247979 516927 533329 788939 528925 403753 995474 120672 282369 63578 333800 487403 579990 426851 68638 507691 30311 427289 664317 245095 958121 929202 19528 282235 580991 614647 707891 106441 258282 800041 581653 683201 823357 131672 319410 595849 426505 467647 87985 887387 666684 524742 213341 820911 
72
191
276
86
125
275
216
284
231
21
0
237
317
148
334
85
0
30
246
139
306
128
348
194
179
323
108
299
261
144
23
82
273
288
35
153
45
202
357
62
71
284
143
221
107
312
258
162
349
175
325
133
362
231
139
125
339
164
174
107
235
306
168
8
354
68
330
1
311
243
2
4
344
88
211
284
356
360
250
201
275
41
332
333
39
275
15
343
227
344
63
180
192
307
183
198
90
356
4
63
236
189
98
227
4
113
10
143
348
183
98
46
314
320
155
113
119
252
185
18
143
252
360
361
310
107
3
