844 411
390322 719623 660915 983119 676002 88122 610611 614591 271394 961994 852228 78630 22860 67604 207357 946336 677367 464972 848612 135048 96447 949044 888433 869643 848180 347656 128480 44771 988053 483389 53098 176150 969023 601762 454198 861600 759621 414187 520227 30915 401321 716401 447390 181202 371137 225147 952427 196243 288340 293449 467677 926337 155852 36333 643938 649254 646948 257725 678721 309441 523126 432006 925661 577439 502301 63942 91983 293367 401621 143903 439600 209147 673871 927626 835923 551357 261251 661394 841135 570066 833457 20479 401079 819899 748024 376557 502986 570969 819395 508224 360746 957012 593129 526798 337227 407248 283573 188551 27330 334368 626122 229660 30727 939278 850070 816357 294580 61438 847936 494597 555150 374796 804093 612357 244069 167379 104999 259897 688773 252868 279474 559615 855938 829673 961817 772864 58625 801165 993843 230070 603657 887625 836125 407291 372040 980635 879989 886279 182151 184655 248042 621302 333452 845373 773960 731515 376212 958378 620299 29577 737624 734592 368766 993588 595226 590985 149006 590463 994437 197378 877341 849768 924453 516138 568459 324066 184085 514260 39808 94642 58897 243924 630890 229438 20897 552022 501208 717 347849 962484 643967 211251 845620 136829 357312 751764 186081 963412 841404 885297 910392 339308 62449 22978 154888 615105 738928 961780 148534 811983 116309 887600 551861 902478 382615 76055 391739 738762 987679 694304 414813 614484 105940 352910 316424 338274 143080 165155 767927 994778 458090 830308 670319 510867 680715 332696 182665 741536 589276 727251 932814 973965 643521 825221 374159 234082 697861 617559 854018 183870 396765 321728 769650 721943 308824 133535 186341 764235 1886 994877 736110 994783 600661 410624 892084 808275 595049 33956 190927 631651 333675 965779 848096 641080 231626 670719 593023 109168 982189 520288 147476 347256 781550 81587 249557 363657 335040 176043 667091 928326 93036 861575 743405 702572 670148 764712 929724 352059 468326 11950 278096 219870 261663 726848 71088 367507 269126 825251 113283 755409 1344 50487 404685 459508 768171 440039 174419 927520 434131 517034 924604 397109 368293 572548 393581 106356 869068 502781 827044 906023 606136 682592 795076 720540 236541 170558 473210 77290 838017 886847 35036 309235 21054 334199 273813 997891 109813 77805 358412 178369 931064 393697 168721 767542 78646 573620 987585 941752 97628 354367 622887 643454 936616 506187 738727 32499 452276 988223 685387 173013 636819 932974 455293 164736 56158 106177 347178 215536 199213 429162 731064 581029 757112 970535 765434 566363 278151 692688 295199 311848 249088 100576 52047 411988 599545 576364 880652 514797 161051 57153 378357 4001 448378 91885 308858 863919 694179 655456 629372 503661 209375 101699 26986 217006 179131 669192 305987 85917 496575 884757 121120 323332 823003 416775 493822 512856 938348 693151 277878 95564 673046 570558 406352 193863 389044 928507 399975 387346 195647 467430 46785 276086 461102 487649 276196 237233 877741 281608 591656 64634 158472 788776 730303 699892 101401 89871 700597 360492 847439 567751 434097 793203 618373 238565 580494 63947 881640 405911 858161 547968 438968 561528 720443 909005 981847 497890 600535 924482 247089 499398 313370 82791 413983 946631 895421 749004 36416 526492 598968 944196 541923 839334 599246 710447 650404 154611 126125 995366 793970 470853 181277 995164 175285 222183 847733 202088 132316 44749 443941 82176 716309 456543 211728 862521 657695 155062 874626 623953 270414 335282 955048 762423 958581 846562 70268 91255 406952 583391 416657 578871 341969 898236 289618 544933 480413 961714 915896 12965 824759 734436 653324 616119 547946 819657 439977 117985 434575 156912 155399 594117 616494 610982 795217 985295 105072 969858 110767 590017 817412 105897 823915 299991 909614 561653 922890 360573 920539 430850 276968 401651 686595 509173 599810 638544 496026 39286 180565 288793 422549 150841 648277 638222 713885 727357 421234 40667 415019 932787 921654 347597 724057 249120 51686 781976 498303 965566 281632 940606 390533 21216 354279 857092 832205 317777 326054 293965 883789 515501 899925 730001 718120 102989 911108 239031 140914 315077 779851 464636 811631 865939 336455 282508 764202 437018 634367 676914 93625 197065 463174 221660 957804 863995 426950 776937 507994 796387 541591 909314 392074 860900 58937 540300 829938 166695 68805 326237 744038 531414 422980 142240 818431 892648 549754 922048 596297 30355 182177 202128 917694 873391 210478 877634 60427 261610 34678 478622 53016 962626 377881 738863 208782 287287 386245 863509 486769 529664 416225 666276 967913 129891 714264 32048 253691 390560 512531 622900 467774 186210 912766 497636 615389 578116 366750 360972 171457 878344 937943 271225 785343 871231 722313 94783 298917 28784 405344 52063 170821 895297 600057 817712 224730 898747 232104 678828 236048 710615 216774 282155 683239 429400 538215 21027 906631 818208 804859 715339 9331 497127 955794 138742 678819 181615 630344 839768 8875 234640 264651 637895 844194 988813 320298 747363 743827 673963 288756 444394 938982 394764 892953 365649 481295 264240 228809 489369 316823 710092 545929 864353 653899 416445 612880 107283 7705 536362 694531 884248 880153 392409 588731 678788 622616 638636 296409 312975 717660 113356 505140 66939 352619 289914 671713 340931 903340 290335 273833 687992 745636 998442 935722 683113 313306 197510 157213 542422 802659 251975 943391 59533 844555 898961 841340 849377 629181 423728 692617 335110 713825 146727 756321 26692 687238 521534 309964 272029 950966 438898 424253 407136 772520 37035 611345 742465 599830 855654 199141 359837 761843 748022 233165 719657 560606 669321 823025 498845 950562 986362 704506 375912 531959 314778 886487 178244 881474 689559 919072 585366 189935 308055 102345 493650 134160 776910 271217 760414 
827
572
781
187
696
343
670
91
227
363
228
762
314
430
807
339
380
266
599
301
474
120
481
54
649
597
594
635
72
483
199
512
122
697
390
542
305
423
55
154
140
205
350
419
583
468
146
323
732
184
797
82
499
340
646
181
320
649
59
4
462
280
214
779
792
172
590
782
162
501
804
781
798
90
132
629
444
648
439
413
439
488
392
4
38
546
204
748
382
14
329
775
543
195
18
692
4
641
751
254
231
710
352
319
132
105
392
515
602
313
171
66
843
46
305
297
466
745
532
610
536
345
444
703
137
350
501
367
768
192
168
831
413
19
233
229
744
134
216
751
22
603
516
173
126
375
728
666
811
38
384
655
261
789
547
638
49
608
49
677
110
669
20
49
706
118
426
454
389
126
560
258
485
718
156
210
711
702
645
9
308
430
677
103
678
532
276
637
620
717
140
428
107
523
736
632
120
289
116
803
108
509
203
623
204
796
269
535
206
366
720
419
302
164
40
561
508
212
704
492
338
240
2
13
687
91
113
587
685
505
152
92
798
523
76
740
740
103
262
659
236
467
303
270
475
51
102
832
178
40
297
368
820
693
320
436
756
118
97
776
46
9
141
679
662
174
336
366
448
636
274
750
95
381
834
350
187
116
410
409
467
278
394
706
489
819
431
664
816
170
115
135
712
743
60
163
106
426
604
494
821
582
694
448
185
625
388
797
367
626
29
700
744
133
494
499
115
421
451
47
64
267
670
321
12
721
694
537
785
761
590
741
578
229
685
346
531
535
704
717
633
97
443
677
744
254
493
354
679
692
656
394
152
571
627
55
11
658
160
517
480
507
169
76
769
503
328
246
338
284
51
519
228
563
658
387
412
836
240
80
470
454
820
586
458
90
510
457
323
121
509
763
669
18
105
413
422
36
570
562
0
93
810
618
633
652
311
520
575
211
670
