740 148
429894 913240 686588 161860 78464 492297 819489 277897 355008 653535 726354 416792 681404 84217 893141 344526 893745 707116 901086 559544 398469 332044 657247 753630 930547 796291 511651 914760 567297 37643 647454 71745 246175 661821 717645 965665 301339 238537 783042 94770 455053 103226 797306 664533 738084 914966 105390 465231 174447 727713 314013 947309 30354 48226 340132 834817 58846 307619 375877 393050 451608 152641 256060 556969 432068 593419 714920 831017 188804 178241 183574 82805 639099 913142 401127 649814 716319 252529 521842 957171 611485 150070 243468 483551 668892 266315 481895 267730 699234 9854 942574 843719 487854 944987 301604 710527 573150 165650 77450 463188 991152 362352 616114 313686 669976 444921 723847 262247 479028 886366 316798 208895 403381 894788 506681 111835 248729 399890 599705 376396 602734 310245 733248 309572 23006 870358 690204 415033 287814 8492 593420 907089 719113 816119 780842 51427 954852 635864 781370 520857 873295 948076 946796 300097 813424 837666 241297 636554 840887 369436 229643 667543 199368 651052 262802 710688 792281 755949 804752 691202 713929 879061 143424 658766 101884 947288 657938 677738 41338 323940 826919 462237 34986 607728 382585 767935 137796 94512 953814 309446 342590 783791 435687 184172 210549 138580 824719 565611 919036 383630 556640 526170 957861 285766 870814 172538 269453 958450 864750 990053 505255 845665 309479 782825 912678 355169 843299 120765 491082 78958 147595 790786 236575 901923 709177 759397 707167 416717 886828 843672 584385 383543 94690 829091 413742 14595 277305 562637 129593 476878 386491 705512 785396 705001 274897 612956 399535 862368 669568 985968 389519 113610 707618 245181 494380 26241 649642 927188 988985 588679 343940 959716 639718 232121 679113 66288 666270 863875 486820 953563 735133 316870 680777 428130 122344 146567 47550 992228 39020 319150 516555 121762 101914 246206 930359 563659 142255 407525 475680 389034 703056 995498 779239 730317 991926 566433 439487 615871 778326 761895 162030 928424 435038 686736 103832 874191 513118 645559 427941 984669 997743 293329 34306 723812 388529 227824 464921 466298 996730 247583 897005 380304 104181 718988 385179 570914 945498 676150 376097 63492 417480 289283 199029 128094 995110 889228 864227 476806 96127 694964 222410 672876 670557 626153 22395 53036 825014 349710 255401 132041 825207 592003 215174 71943 870128 802326 581129 217221 614868 226442 852548 911942 244317 344520 811985 154722 826953 944276 624933 2974 290744 900105 151717 136307 566457 262830 837303 182974 115267 693170 908537 27033 138206 15583 375645 828359 826731 249490 617458 339499 16548 182711 278259 54945 132916 777748 441410 551641 119170 781887 66646 499381 470051 815810 379626 538170 622504 114352 473963 528314 232312 991341 644987 45472 762570 821274 952896 909096 690910 546782 316283 480293 674592 32664 63781 502249 888457 421127 446981 719426 113207 514085 747007 953891 465109 77061 942950 84715 337759 637847 155540 68873 132322 288376 654645 663830 613800 574994 746747 340982 399408 626411 556330 309223 475756 530109 634837 451097 103997 831622 735870 119972 894218 686517 682536 920342 806316 578117 755856 907535 225469 450962 473490 931231 239593 433915 355396 867612 475529 418099 436197 765055 99705 327731 447495 327705 697417 267272 392484 999915 160054 720185 967820 497306 70395 95657 872177 89512 97759 452856 101256 780759 774684 390749 851202 136436 583398 62895 614954 588867 588968 345659 702560 128169 430765 370775 916044 697661 986847 786731 443482 910261 960332 756087 53946 301602 629576 327627 368728 108634 605992 532061 223073 162247 688638 505613 235138 888433 113476 367122 886439 583287 385416 120466 799650 292100 601988 237145 846433 449957 886210 588216 804712 858183 651925 643379 707765 673919 583784 27530 638578 974216 689787 869753 727158 280440 30360 189180 286545 736834 799445 323994 966303 356332 368075 6403 190218 912118 150211 593831 689276 420253 72966 148767 776963 663929 32147 96215 782355 556252 225584 394469 440227 475683 357456 165056 388029 326776 756649 340141 814572 987138 595165 625186 89084 926252 55165 163138 165057 791084 647851 52180 706708 85545 285321 464638 694094 444612 509254 636566 463517 434304 286437 226041 791616 537235 119347 361940 450798 116277 297006 711164 711445 621947 510272 552531 699540 323402 47624 231231 414464 628438 57444 8061 214354 316062 991245 221495 804625 143902 801281 267932 303508 344062 125813 8106 521547 783302 451575 184230 135462 398677 558454 737853 241289 524564 585865 873836 700500 845363 371372 75577 416360 903626 778087 44358 457410 19652 482088 965909 81645 903988 328268 603728 450138 601254 424069 743964 671238 437984 303579 120769 424708 21870 340545 180223 840248 993646 648152 482447 872443 723109 964449 379431 92411 457926 885507 111006 255136 456840 617477 419903 549415 82468 414992 912812 325347 782034 356006 232336 349248 816965 176300 80090 535281 663985 119566 556380 534724 203323 949929 813935 366347 368155 762713 858730 676797 854629 154865 247746 107799 153558 268403 206855 181927 631662 160296 797144 796029 687352 
77
181
643
505
475
577
593
459
697
578
658
650
639
330
642
323
154
450
69
480
452
646
310
281
605
57
360
519
75
317
472
462
38
58
377
293
78
660
92
629
608
519
393
473
594
567
42
460
585
667
192
329
619
487
513
154
63
461
105
351
731
86
516
661
176
40
253
724
448
449
536
535
624
162
372
381
289
396
418
346
695
612
53
646
662
342
67
337
96
571
694
395
290
258
672
617
153
341
83
596
679
144
358
317
671
715
678
401
132
609
725
86
317
572
385
658
336
130
686
719
701
539
95
661
686
433
520
370
18
371
316
184
219
349
497
196
231
140
158
79
302
103
519
552
539
38
677
344
