688 468
996520 357412 380993 865402 56912 856256 233747 885332 476536 348099 587361 804695 649864 629095 496117 751471 689090 380942 750690 474515 119563 102171 796205 690918 232519 2304 357939 372391 870197 664442 838770 306167 574296 547342 392053 736202 111487 48002 940444 172130 516343 147272 861761 751679 778580 756610 429089 112158 266642 640525 205439 196654 126612 975403 893591 411982 226062 479248 864608 819379 199837 751607 354350 113001 793929 434604 48760 971639 664001 878147 704792 617414 129205 809653 935073 472389 479606 690442 617943 528690 141177 523060 4549 556128 771977 50932 580100 980742 453835 879563 613544 506391 969274 533026 819024 965909 954395 185811 725424 606659 182086 765980 854846 134619 108585 406225 689462 629719 635606 925574 337478 528598 924205 403349 439002 638577 960402 726156 799408 260298 286887 417197 359514 308464 474844 843891 139851 144893 432795 631793 734019 929497 784783 537180 313434 884028 735571 574417 902518 329160 746455 772611 980956 580473 663312 227901 210648 219900 654488 749087 304695 719965 362067 965940 705035 139117 744905 681665 186451 528371 568844 728039 667815 338042 744859 121012 797731 369349 589594 503705 611117 598358 988465 699566 744619 437758 706996 784198 937287 882261 559838 299818 920102 888460 442905 847569 13391 548123 111643 26500 399372 152387 55643 702813 59355 209613 279948 786627 823691 168753 300539 716587 262733 153542 880156 65047 724142 822459 309478 213911 790201 567461 33876 376106 853569 474580 107459 646037 910202 708341 775415 589180 906853 235204 778477 678554 588535 407778 249137 535741 822406 835541 837626 729944 301611 726597 696773 49262 971490 400119 406381 436802 826395 718431 327842 578945 56416 13596 779795 263551 212953 650707 911056 818860 902242 912385 464587 870301 236505 955763 664576 738858 744013 679092 385605 791788 616967 573168 774321 632698 206013 813849 760128 202898 308468 470617 186045 715820 78087 196060 182238 770787 538808 125152 395522 42609 449324 292671 583636 277076 136385 168747 612354 887111 267404 5920 346621 488984 744164 983035 162326 41881 161170 973738 338303 625875 53326 811243 977674 655745 645513 884097 694043 315784 514380 828279 600496 576885 375480 76422 822117 742058 333300 550917 230647 192801 545896 71489 824452 529679 167113 436136 569461 563124 423014 96412 366376 231943 926309 223718 695557 348006 347149 378324 307836 229057 996471 789217 648315 556269 497924 588603 863700 788670 680841 9232 120295 701433 362815 467316 252024 948434 673463 643513 963230 651304 255672 41815 715707 928682 336527 399899 960425 834884 990892 118882 404621 269055 566480 759144 296568 25906 955605 541976 862044 807922 393173 539293 841815 533448 467201 510452 45982 310834 941917 683177 201864 335873 538858 86346 994273 100618 175527 810884 564108 559107 7687 657387 68653 221021 702898 660094 811160 223531 906967 718700 444816 876259 108976 215566 563877 869006 736880 921318 777389 812864 456380 677969 856430 985401 75624 783172 719369 161224 24907 481533 751691 347829 39727 91773 76807 56905 186639 832795 264145 585194 73864 602892 861531 238704 955239 271213 427434 406882 473040 660831 424095 454060 331774 17712 408423 706005 124053 560815 6186 672581 755275 648387 66310 792683 782187 614055 47728 734929 889456 76116 375076 973129 527263 111292 303916 825116 719196 315990 636031 90708 295193 802449 971706 458937 399942 414307 862058 692819 32317 497013 163918 559382 230546 143007 783029 409986 835475 836224 890732 572234 309308 664846 151075 312535 710190 930064 958576 833636 909262 764753 679415 391256 995587 11692 580413 917260 582033 148242 129222 43803 5275 600539 625638 413225 563245 574123 992980 89262 319492 220257 784646 777447 947438 761201 360555 222023 432700 949620 677309 892820 537451 149376 168773 192931 231513 646851 875298 265019 203766 120191 190168 703572 838505 594850 893651 57031 892745 787525 977661 575513 483672 675991 576366 76698 304772 704314 70635 262866 102973 207008 760836 608799 510857 997762 346923 374487 134444 703905 687314 245926 104905 298988 649610 73200 943843 202898 333223 509463 472537 344296 646282 691455 320524 727144 612547 159798 593025 594398 382200 846935 331700 449113 176832 5067 328430 258134 823825 232287 746795 775754 671968 457310 290120 880920 376949 140830 712592 768578 347669 920531 503269 485332 466992 376168 812403 320311 510627 578470 114120 184309 676910 636096 85956 882684 294248 900427 866590 146803 934593 564782 205974 276022 769178 929391 657058 80177 762761 79063 935441 19536 890857 531816 662309 32710 852118 610157 607022 424815 806565 618698 223096 950329 38437 578389 273277 569869 937413 565893 495037 685673 812854 155853 383589 411565 234154 934741 809653 618242 768845 898802 305135 140385 
475
513
522
92
406
372
514
10
678
244
628
169
526
143
456
163
183
579
579
675
149
495
367
41
224
499
237
64
270
378
239
43
684
211
530
369
397
480
465
47
40
664
331
105
533
648
280
269
592
557
583
178
385
669
387
374
601
669
79
529
257
385
228
528
415
361
353
498
493
618
6
513
142
450
169
235
78
526
658
287
216
153
191
161
370
616
121
676
235
424
338
116
493
490
490
215
604
165
662
420
22
249
44
130
587
606
164
137
644
524
40
586
150
57
170
264
184
529
415
613
577
652
19
677
290
87
221
459
621
482
493
174
224
420
615
146
596
186
638
675
523
270
171
350
464
610
604
70
235
387
394
135
111
16
207
535
516
429
153
620
98
181
487
629
614
39
544
515
120
95
493
675
133
617
552
1
664
441
534
430
379
44
542
439
234
493
390
358
603
589
100
435
137
260
488
238
85
290
612
556
418
263
193
5
7
591
535
120
532
7
384
670
210
323
418
370
109
158
436
667
599
259
267
548
433
578
374
626
282
406
208
423
565
570
494
183
379
572
568
495
259
314
591
352
407
141
675
121
235
457
165
102
219
520
410
346
563
628
53
164
398
651
5
93
148
482
614
445
90
65
269
227
379
81
623
38
393
410
628
671
533
293
611
58
179
655
506
449
10
206
672
530
292
199
34
613
522
528
237
629
173
36
368
244
670
0
161
88
282
409
361
685
404
415
600
205
530
15
70
92
562
291
572
596
356
355
283
231
620
199
465
413
588
4
267
179
416
518
109
572
74
515
301
348
119
525
263
550
588
256
453
386
576
495
249
347
469
471
600
28
493
119
264
69
391
648
225
235
323
422
361
528
548
9
269
254
294
95
408
350
77
567
182
487
321
362
223
587
275
187
194
510
204
240
247
271
211
234
207
255
633
364
159
109
122
80
679
504
628
6
554
43
493
380
635
322
504
588
281
502
187
523
286
407
227
590
131
55
538
433
489
553
33
514
355
403
178
468
123
530
471
323
8
12
215
388
594
103
333
370
627
265
191
561
269
242
275
482
627
351
374
188
510
434
215
429
381
373
