66 15
403907 943200 604597 199313 267096 46543 743216 457240 1774 545176 970536 845688 564608 720222 754378 985938 777992 772841 703205 206607 381914 452249 73373 994968 696504 965499 346240 653426 329165 695613 889209 130680 754718 943768 314911 531757 324309 699288 428232 342028 421948 731077 310017 581344 133471 201159 440870 697230 986043 397563 710220 784476 946661 182481 645415 596751 315569 425801 574554 874225 426 318636 300851 220393 450771 823928 
41
59
56
56
27
65
60
21
10
36
65
42
11
30
39
