201 841
436533759104 953959251418 623961456592 543314761559 606322582281 722386742635 621648476157 750211281482 621065037998 69473367384 139965101150 71923408262 284015153139 626779882180 252782357325 575014529830 862124055969 211631627191 746670044998 764374516847 587026399598 277516977753 617103823190 502009100258 706209079250 58626432641 473833673852 302395229387 747847083032 513327169471 397265468440 835445256935 970849288240 247910753400 305144389642 463505962112 491912956502 5653216217 212136418621 87336896475 630845219320 29238732533 811707005889 466818058210 85717993870 274521404155 181234205952 340716425439 687464680806 105764835397 524105722685 886618469548 648643241981 690618805071 369088275727 278487859541 117025633493 264027000768 377780180828 59410210368 368601110446 874110348409 850716674256 681181661548 839402092484 687605670086 637572674556 90730438411 68610064941 38296996656 345218283440 935830783747 71697451012 140800393500 488777530796 330947798039 689817869828 70574211097 743466688346 614419939381 322346757989 420262246331 104804430741 827285012638 255168765904 660843350910 724936684283 11270029236 422854181491 873872123952 968206341759 681268617441 369802172838 861895895456 498327755582 362998665313 212978036668 112133034478 652887808033 76078041631 870129821911 214064517819 630949464767 700620756220 281358574532 461087894323 796636544017 487997838712 267086507316 876764628141 64613792054 339850801055 479251874010 831727739697 340838913619 973169434928 852727719112 159539243229 341319005597 376253435184 404977035958 12757217070 646468515589 745854042588 60750596069 555070352116 918346401622 943000656898 464091004487 216225043724 223237413952 999183574538 864152836924 373955946728 730957716311 762252434945 659137474257 363751147673 639314509228 675751516261 460848408567 177505067215 498666524629 871346238173 46860425498 242648174610 3951170614 247556619474 252085462816 684903560167 262908427996 809518640870 364276159456 815216022801 224952828292 203582792312 395165876555 77351897562 31601882613 126936433891 318439191732 212344935985 642661688454 841438676993 48790438663 34253692542 215603591026 190198765052 971602970681 791399258969 370115733771 609230520345 194329936800 22316596655 924174215412 21909445182 746600374447 417201284197 866101068265 124060179863 335910411755 263952384942 890645824772 727448705196 969044281443 963935479193 71772950005 155127747610 872440119967 211267899966 414604165502 411004120396 658495588043 269020185512 51200363527 677587279299 208680975632 592080291791 868846899061 357120375636 56896169019 
161
71
32
130
149
125
53
186
20
200
120
169
157
16
42
130
99
192
165
192
130
95
127
132
118
45
82
182
95
134
177
123
183
126
121
68
148
102
163
149
166
9
53
56
51
115
60
101
55
78
108
96
146
40
95
65
140
21
34
192
21
75
113
132
90
58
149
10
119
131
159
86
109
115
119
110
104
94
127
81
69
97
6
45
113
59
67
165
19
91
21
75
128
131
139
164
20
70
58
25
30
18
92
9
139
51
85
50
172
84
64
77
190
196
174
70
48
180
154
35
192
183
189
139
66
2
197
76
72
88
200
103
103
148
193
167
3
120
167
131
194
38
101
58
58
185
191
53
121
59
132
150
141
193
119
184
118
87
21
80
48
109
197
178
106
53
112
115
142
7
95
35
147
32
78
188
2
127
168
90
86
57
107
108
175
192
103
195
199
176
137
76
83
150
5
145
8
35
39
84
145
161
154
155
146
100
97
52
100
16
136
98
48
121
27
84
145
115
163
77
23
43
26
172
141
45
8
176
154
125
6
47
50
17
98
72
52
59
74
168
134
17
116
14
94
132
2
43
83
105
100
40
28
33
137
107
122
190
17
99
52
33
52
79
110
181
170
121
40
154
147
79
150
51
128
183
175
117
70
51
1
36
114
16
102
154
63
134
84
145
125
117
118
147
10
188
23
73
165
116
88
179
182
76
100
156
44
106
63
45
158
187
110
117
98
168
46
178
145
24
100
178
11
61
40
70
160
137
74
170
17
178
185
184
55
126
105
195
141
31
94
19
193
26
129
196
199
83
104
115
42
64
53
129
11
118
6
18
163
177
172
191
118
97
87
190
102
49
101
9
2
64
29
181
34
83
171
191
118
124
118
17
21
140
168
62
182
112
35
120
71
41
43
4
155
25
45
75
31
136
189
100
43
19
171
195
2
173
69
39
112
91
45
55
182
8
172
136
55
113
178
12
162
133
164
169
183
168
26
99
176
78
113
13
153
1
12
197
96
196
51
63
95
61
51
23
4
107
7
3
86
49
174
171
16
56
24
170
42
185
42
11
106
131
27
83
82
143
160
48
159
53
138
101
109
30
59
54
27
91
82
44
3
102
167
80
3
99
54
117
56
16
168
71
166
159
94
11
17
55
105
77
196
153
127
26
182
137
145
43
64
24
153
83
161
178
99
173
197
177
34
85
44
162
194
176
81
170
123
17
85
4
155
149
114
97
130
163
189
59
128
150
180
3
59
5
157
194
31
79
60
188
109
193
62
158
20
15
35
95
127
75
51
38
96
52
164
9
60
185
153
113
189
84
34
71
81
164
194
10
133
106
165
73
192
6
58
187
84
87
62
52
138
13
170
63
175
178
184
56
155
97
133
82
46
113
161
1
16
125
17
49
13
162
36
52
32
23
44
151
140
52
60
129
20
109
185
119
79
42
184
50
62
108
45
155
63
77
73
147
114
162
51
69
200
123
20
92
101
96
42
120
112
108
129
156
188
110
194
39
123
5
195
97
109
21
194
76
152
137
39
141
186
44
65
97
118
78
116
72
96
143
155
123
18
85
34
183
120
50
39
48
1
3
128
186
185
95
125
103
106
101
190
95
98
125
78
164
150
18
104
9
31
98
144
41
49
195
111
65
197
192
184
89
130
181
125
162
176
94
178
14
166
98
108
188
63
62
122
8
92
161
180
173
7
178
170
165
37
66
154
116
174
37
65
63
154
148
169
41
3
29
197
23
164
182
98
101
180
150
20
132
48
108
42
109
64
177
77
128
136
168
97
150
78
187
105
192
186
22
27
162
146
198
88
36
68
191
53
191
101
178
78
1
43
125
0
24
17
198
178
106
134
106
167
73
187
110
43
45
95
47
180
34
50
124
46
128
28
115
145
54
47
51
15
191
46
194
49
66
104
