85 52
853086 797442 576819 38480 476920 92338 329796 264660 338978 121553 810076 423809 906925 539594 864999 1207 689607 911598 568951 484418 433322 56838 196695 543624 379354 652879 793189 522708 655789 463514 796908 54119 213447 280029 575899 137378 972736 302021 459399 923635 732169 508258 127325 30272 660627 638449 838142 250922 744262 166072 325846 577597 14339 579078 427810 97737 235616 882278 957277 118973 483864 993066 123173 679173 872566 161451 522585 977958 751414 306040 533591 739678 286707 435674 875272 505938 495159 255571 478976 578044 151669 402220 199870 966649 628493 
65
17
8
35
53
43
64
34
0
36
38
75
74
84
62
19
57
68
61
44
42
70
69
48
58
41
24
30
73
49
29
52
5
40
60
48
49
84
83
19
63
4
16
64
75
42
12
56
12
67
58
1
