96 993
554802816142 639577681324 570047465659 176616372781 230882866252 813849523642 393439828069 456627520820 228453524450 103015443893 557485858303 525531590524 559442187202 19142470622 416642990261 463012127528 111057087127 396660334958 343364303488 72312365647 716605879434 250399575947 773092852972 713327287456 891822393703 963746363819 19204351252 800043813844 986327899163 48633078359 928317391665 194342967127 11014784001 567485216838 150992832225 518381379333 41928707012 653097801366 231079463738 815469742648 324961315247 680201289442 903725012606 460237883699 189719099258 570957024828 167354689990 892244952841 737919704109 400211987696 863758259725 30762160871 225475283536 443696169875 410707589818 927322011675 684038745264 31443767974 29133918089 31488905127 519213530288 807600837327 158364155238 450600381838 592905200467 839137983328 792844552498 186939330312 108053528463 382316249552 248666531984 459957169800 72963726946 508849211224 459490070174 987224605889 483341562924 941175104608 891649259878 2735272427 521028628280 989858909293 283050727001 352737927105 595524592883 737074840654 106155765864 543217971041 913748790008 630724401930 138282000154 563582649900 885320782402 158665923660 722523243502 816396785220 
12
91
51
36
78
13
31
28
32
23
93
84
38
42
90
59
85
75
66
66
73
34
16
41
54
47
84
18
74
94
4
95
49
80
6
25
23
1
18
81
4
30
20
50
41
1
73
61
61
44
24
80
73
51
57
27
58
79
33
69
56
15
95
35
83
65
43
43
23
32
43
62
70
58
84
12
85
43
66
33
8
46
54
82
3
69
16
12
29
58
14
15
70
91
37
16
44
39
57
55
70
10
64
23
50
65
24
18
87
28
2
25
93
95
45
67
76
19
72
67
67
6
68
46
69
29
88
67
21
47
20
12
87
21
81
81
79
28
91
19
69
78
54
25
35
6
51
37
49
66
53
60
59
41
17
92
38
0
9
32
90
71
85
39
26
93
78
76
8
7
52
17
18
61
20
31
50
20
82
53
50
75
24
31
44
9
28
35
17
51
15
92
94
74
86
19
26
56
18
86
35
41
1
81
15
66
39
67
13
80
76
60
29
84
56
38
15
69
95
78
58
19
9
92
43
34
5
48
32
14
80
59
54
74
21
90
88
62
37
28
66
13
11
93
77
76
46
30
85
63
89
55
53
7
81
13
35
92
93
35
32
81
65
42
53
85
32
45
10
1
12
91
62
31
74
63
28
75
55
85
34
13
90
62
71
77
72
48
77
66
85
48
5
77
13
75
82
12
73
12
15
30
46
74
86
90
77
53
50
91
95
5
44
82
56
58
73
66
4
51
80
95
55
85
3
27
72
23
3
80
42
12
37
52
3
93
58
32
45
87
44
45
31
35
57
6
41
58
89
81
33
20
26
71
70
82
41
94
51
44
22
63
11
42
45
78
68
94
29
40
39
12
92
11
81
51
40
79
63
81
23
48
25
33
90
62
44
43
56
46
20
21
41
2
14
24
74
39
64
89
82
71
37
71
68
22
50
79
89
9
25
11
11
91
76
84
51
33
18
91
43
68
45
50
17
49
13
94
37
78
72
10
41
28
56
5
31
70
19
85
35
3
63
28
88
28
31
28
56
82
27
18
1
37
31
2
78
61
56
53
71
70
72
24
52
23
66
74
51
80
73
49
95
33
90
46
33
55
47
46
30
40
69
45
9
88
17
41
89
31
68
74
16
12
64
90
60
68
40
13
77
29
92
44
91
89
82
70
28
59
34
73
6
58
79
56
63
75
55
8
21
2
71
57
71
83
7
44
61
90
18
8
87
45
8
92
35
72
32
93
3
91
76
62
55
90
17
50
27
84
57
39
68
89
86
38
42
29
72
65
52
18
69
87
75
40
0
78
6
91
45
75
15
9
78
8
67
52
93
20
93
24
31
76
22
23
3
83
63
93
15
42
11
12
51
73
89
87
49
52
48
89
60
17
43
23
12
39
45
22
90
55
32
63
11
23
33
51
25
29
44
82
81
10
43
57
12
67
32
2
77
7
71
7
87
47
12
21
0
67
1
0
41
49
39
3
72
72
47
8
22
24
81
79
63
23
68
27
44
12
87
19
76
47
73
22
56
90
22
64
19
56
3
79
4
68
15
39
37
13
44
87
23
75
66
21
12
63
24
77
19
78
43
58
84
70
49
57
14
85
70
8
43
31
46
18
30
62
24
51
5
45
7
61
84
90
75
12
66
11
84
83
41
67
72
73
89
68
66
50
69
82
25
36
41
17
57
25
37
80
54
51
55
48
10
62
3
62
13
41
71
61
78
49
39
63
36
87
89
7
67
5
24
11
39
75
95
73
69
22
82
40
94
6
68
3
6
38
49
24
45
68
6
87
55
94
65
67
22
65
47
87
89
5
27
12
58
23
28
91
40
9
91
26
63
26
73
81
78
1
5
48
26
88
14
37
0
30
84
42
22
49
29
47
51
5
19
18
76
31
79
85
33
54
87
73
90
80
39
26
83
94
34
52
88
1
53
52
48
35
24
62
32
76
1
80
88
50
5
89
57
16
84
88
28
9
81
14
14
20
62
8
23
68
41
21
94
32
87
91
88
50
36
68
36
36
72
33
13
15
50
25
11
71
63
25
16
66
4
60
61
13
14
29
4
49
23
10
88
8
30
55
78
47
56
94
18
56
76
5
84
64
24
26
92
40
5
72
1
19
43
32
22
44
59
25
82
7
50
48
19
37
64
8
28
23
80
24
42
84
92
56
3
56
8
31
77
67
36
71
20
18
70
40
7
14
87
8
52
66
68
2
79
92
21
92
41
47
4
18
13
87
29
0
48
0
72
7
49
72
15
28
80
