300 688
456370737205 992832635096 225169885598 179225385207 104631543546 340542710634 596991370655 604265638258 75759025240 958445869133 936824455142 4024825972 266088623741 854981883594 875186943780 125322723921 497206460793 134593665795 843963062530 858285611203 513397162909 135337767850 736506325724 307581359917 93567997159 864818547520 386942322924 425959388267 209622759004 795643876631 682529916911 845220829815 176366101712 374288416564 571919304684 759415578521 212750385662 832900304050 384964662945 373790097991 428867543628 832333159726 113526300241 566107935649 892390532926 233656783906 206877936082 702747166406 852479811120 822857126832 76009559644 252306355988 725138703892 544519241646 848502820189 427168226755 705758535147 216332652835 46815016964 494077487725 807799730 388999222258 714564607059 456721348813 922343078640 946246450702 92184950148 923993836197 653247248592 616415914716 127844534062 148575311930 543199244852 796938073357 376933133088 683414135484 37842223733 918204506363 350632884973 340359139735 904249879782 323950659706 940765078633 60587275056 330450697588 154611964047 286456738379 420115203971 171795602657 374867614993 454621158699 85819074121 584008734506 83166824341 337147575656 329589899321 23222333624 357707017894 782477655371 953882499145 663679625327 938877900732 395567014610 103566153526 291948851850 368370749817 976324714627 198099898904 234403901936 878673979446 253741680817 300858502146 924755801635 604562321345 595947502676 944519027888 889400380841 604356933734 635376885894 759652155914 328762844195 609483000978 329243172233 983978878902 826367383438 46947374234 463332328495 721953797997 293489145067 59017550744 73602389137 648302533040 115981337465 527814554175 515578718351 398613769748 594449194986 288221901898 649222132321 618216120146 875722462135 86962675753 186118382662 713759695022 626713738605 952197245104 691935869244 20668448728 238243191722 780519032211 185227600407 952718989876 561276840847 6046929534 574157289206 300111152242 874355229004 853538211945 209774106280 603411349125 65446332424 233773880721 732778363198 212121739512 583364041962 379214286064 442966651181 652722163669 316016528333 271739833068 943245190591 136964650349 462597631794 709764817411 548060400980 442873880782 208695627865 278085326818 140408064211 204340009826 707872656454 131340976588 738593389859 142802423324 46003687610 817117510774 803358876127 751929370209 147724192260 240368789166 631843864064 712976672912 786881838615 911008838863 15875161737 117739466808 224804416488 156538993049 795200256483 866071407870 954012069326 358066084091 455168822889 723181115654 749552821728 486512697880 221891409695 699468736905 223965001608 388218705299 954290196544 943457671819 729915798403 537913594796 477917750436 275088074423 472459533979 173789763570 859257189946 918645988061 820594700598 577495923671 224579858074 122034642439 317317795595 309841938030 194473233309 843643900138 519750174282 840893158016 70994058602 500735137865 332206456029 247580168633 220973245906 952144560620 920306761209 298030335768 524675173239 481983659435 149915002579 854772132447 709676434221 422993730649 609664231106 706563771530 162925187456 292529468340 406824639501 281414968436 110337314074 946060229217 569763033503 342736076674 445587407667 68806662719 119764341105 988878534864 276092580970 269765650984 942985660262 633995559178 687980519778 2269150599 356566338266 759214896914 608896167203 624572968059 1465856265 212519359465 116768873048 338154023478 840614782022 276702618128 883457708597 645413074506 688051470364 736165785491 621059024099 393264480025 417024530830 684926399594 975800544001 357534054610 940794562055 392285768506 835248233567 585151357196 542597946721 473423841268 618292762215 755984816313 111996719442 985974850021 253991462688 950951867094 223526748586 452977671752 80481740188 747765038242 
280
225
69
113
109
111
189
49
18
131
5
209
61
143
230
107
47
174
121
60
47
128
274
123
22
243
141
277
85
3
250
110
210
169
51
45
257
298
117
294
142
0
218
178
182
231
284
84
13
49
292
10
140
98
88
80
119
23
91
100
107
101
67
151
235
31
230
115
68
16
60
104
187
153
221
78
32
81
242
193
3
87
191
17
272
89
215
55
43
80
108
37
78
212
55
222
117
85
136
266
284
271
299
168
231
80
272
290
110
229
217
88
227
142
161
133
109
10
100
207
151
192
274
238
46
297
59
64
27
117
273
57
286
245
202
297
69
27
265
92
275
118
64
123
25
260
278
37
123
275
282
42
173
268
275
47
132
133
170
281
69
91
22
218
251
105
71
112
45
265
75
226
36
216
279
41
164
235
84
141
172
15
16
5
13
12
15
42
165
84
299
41
42
97
246
50
224
275
190
29
13
76
180
160
194
58
258
148
149
133
81
43
279
75
295
276
244
147
251
267
39
77
89
147
256
21
160
194
240
20
259
222
239
13
22
25
1
133
125
193
176
174
45
185
264
140
271
76
207
193
288
62
120
211
76
137
261
116
164
189
25
187
158
87
295
192
21
282
20
240
27
208
106
123
210
285
235
181
8
269
94
64
33
31
137
24
62
200
129
270
63
284
270
2
133
132
90
280
242
255
127
264
99
193
96
270
32
204
137
124
79
33
72
204
151
87
267
292
157
208
152
81
10
124
214
66
188
270
220
109
53
158
128
42
236
20
199
149
199
80
181
191
148
21
95
206
117
188
174
278
95
150
98
11
43
240
193
157
210
143
148
262
294
271
258
11
115
55
188
123
284
256
265
91
141
169
68
238
31
174
19
148
29
149
122
104
110
106
181
99
269
131
161
62
202
113
72
52
46
48
232
269
238
63
278
24
101
123
46
101
252
110
68
207
165
115
20
208
17
39
42
258
254
167
199
48
236
256
208
282
268
4
5
94
106
13
15
54
171
212
57
281
65
268
6
125
193
170
241
254
135
145
61
212
1
109
200
188
177
68
29
39
159
36
63
269
294
146
55
276
149
115
118
203
271
244
175
13
71
208
99
87
80
110
258
75
37
122
231
140
171
172
214
39
47
130
18
150
66
266
274
208
21
187
10
172
121
252
202
219
222
23
265
49
59
65
218
9
21
98
28
266
104
184
199
203
45
13
197
78
233
37
164
108
51
89
111
130
174
182
26
220
260
281
93
223
292
55
248
248
217
287
73
107
268
135
148
20
59
123
155
283
2
270
229
99
175
152
121
244
281
270
69
208
23
108
119
191
63
27
52
189
231
9
24
259
188
289
297
33
148
146
293
93
8
231
130
298
84
206
293
215
293
192
151
282
233
45
267
151
74
274
187
296
196
291
127
75
169
289
52
150
10
256
158
291
99
89
97
55
94
114
150
72
220
206
288
286
28
208
11
285
242
79
203
60
234
213
15
226
89
110
158
287
116
266
112
166
185
124
266
70
287
8
145
1
176
208
60
72
289
222
174
15
281
75
207
183
278
75
222
136
47
281
195
293
193
176
