96 70
54616 998161 366961 235114 681726 71952 819183 683415 42214 790871 32538 995741 259296 209045 879996 21370 651518 159785 250133 132353 496565 701979 119947 591365 993796 228553 487624 733443 268691 804151 386815 175940 635325 636746 784257 753253 120097 815574 859100 171721 326148 113350 606795 26926 974009 327111 603767 710251 952135 393538 415923 987204 749748 207964 79689 620860 724162 870918 657712 254647 106852 731060 810005 316233 891598 717498 629578 844658 126936 834905 593424 820653 43065 364070 558624 449187 693656 388572 72307 530539 678999 357807 13267 890845 440464 862277 514014 110666 454583 379782 666460 934885 868963 482072 741667 160423 
55
22
93
66
83
34
78
68
61
59
55
93
75
34
41
31
11
35
57
31
59
72
78
85
48
43
3
63
41
23
62
27
45
33
43
35
76
89
35
71
1
66
24
10
30
92
52
62
71
30
88
60
82
91
62
57
2
11
37
28
51
88
31
39
84
74
47
60
70
67
