452 642
686820982395 953951730592 183122088122 322465327696 412684969451 301183214024 373938159820 640077544385 524994383075 740818268789 110640649342 64465339895 825776528948 8397579049 642807664518 103258999646 572137182069 7695664605 663038435927 837355662559 521778079749 372618098201 470747191312 405172397929 977886142582 899002040769 731695828133 414028281838 62752947086 395030927279 364527091897 110837086563 498229454864 768243126010 796294703512 978545682748 154296859538 661535260163 954010567744 307221713674 772883925909 896580606687 404794386855 680545806142 724501647405 523427033281 453183104891 208994089662 897398789209 18563637116 397859044032 50996012839 888927652835 359642578480 488242989149 666723057655 440167731089 673189757892 89309379806 469647518223 943425382320 995141773842 803590338400 323775502069 213061189153 157676590154 574966665130 630828621605 943968794178 557128836618 137575300431 874016932905 331086530033 742309308592 605574517699 962017782913 186688497545 493476317262 128655965345 727920371168 264315156049 232973440059 825365725049 725609856287 97495366786 477194358688 790245470190 176219165735 993539755613 843460666224 241722296378 282261707294 522551201918 987634188820 136024196705 148887087310 588078673996 797290018515 100897194691 763626031657 959207076915 844287371278 661097891089 704652379309 413791003935 789888153200 810644874113 419725799639 707183200039 617552224337 944747841362 886640001564 245815441421 125666851624 95739015074 94967664827 813210129381 816851911682 128599943773 406187250633 936850124361 632993118058 3165038257 65759380625 590944807035 928528368424 349712122166 402744584796 746454656542 875889539106 571773136365 664275717114 243055532118 434249479953 588449983957 506172040666 160270682754 920397848779 546401033144 501136702173 657763183381 160130952869 733353038294 884115270385 772354310712 657277502049 340677404453 136101500670 776734825036 526451200868 913243522113 542092325489 774346075229 416467927855 368552046382 906893950554 230711754555 806801317047 893071589042 769765821705 58994492141 953152705205 196606589330 536255781622 432620869325 725054956315 935926529889 601388045939 371052041154 744843697323 830424655996 431177619674 580129063329 312359032547 765716923181 214417926278 943609076634 431850414779 142151905144 826022793066 639053670652 888482083730 932240361045 781403051486 503817161565 178905290693 152802727560 766402054885 319899651298 162767312309 237124140885 823793446739 808294183745 11386980498 796124697617 635037291386 743467204837 162600721987 472372101973 926336163809 103321157089 195308809200 59893590372 715178348367 649993847212 687832863447 445484961910 35412009671 262503258096 538574488440 757214286068 718000364478 415517471069 763541460938 876135377884 724435294434 855083368861 951179236100 716478692562 302288821683 719975390194 405638694292 128898850885 90695225110 537395119475 737194239690 562247633702 22440925132 629585728869 631305858329 302707140519 819023316096 872284464142 200114891581 529930072536 712964374372 479759602222 628346686020 107912068817 70116324560 999498023489 875581526933 204172055370 895094078879 24484500083 611576699322 591921495736 892423227847 539147621162 567210267485 643545632950 783998957005 871100231577 135943019207 827870013979 986376100549 198072407251 660832272889 200554425138 609908222453 878094178949 134493877595 137607072081 225808253620 178896728748 614557511329 933110681102 37594143961 554586437124 400714340934 601150578677 464593498112 2826772992 327484114171 570997839908 862878770412 722814635508 487625256779 631960865349 762315647276 572574700452 390828267862 591014009025 229826235535 110328820607 900494083190 257890175517 206316201322 327025971045 918504891867 662001382574 238594326585 393383713179 138630359032 686031279645 83416919307 281534456049 417731415908 994928181724 438788115569 92153109311 283230503742 466762123596 764247336746 589025747617 78184566332 805862859183 767223407709 213226104813 411090410907 723975330360 904725287877 663621527723 460266060309 171032331400 480124876653 27397346872 665565388089 82667373099 134304165219 122541731294 604233089937 70466588969 701494248992 395519132322 368977399373 299694532719 954111220690 248240937963 9765238610 412737538961 413271311998 115757025953 189509004494 801125112855 338767744176 904472125088 540336083719 580230928539 770297660961 951645172609 606801555455 666884098815 983972996668 184889594466 428431031881 378733104472 815210927648 587503196540 655204440878 935796155197 525715384107 139982906103 9702593265 565589890922 170566992576 140263164789 412929624003 809891506620 56982919864 798513626589 778978865712 273922397668 668632843104 774890456491 199534674050 877693752888 551768718269 301879591787 472242891229 969453433040 897320939692 335989983437 943327870413 447989404940 346906992714 102414550063 88625261531 799193311875 180790779740 62600508551 816407076570 606818108840 545158433678 961249530570 467929800707 561253583336 807163689736 524571965553 564778772852 977864299077 766790859405 442917177776 674369566640 819614610973 781715359273 770624416482 822633661165 267769996449 816018969677 905896473266 970659035109 583879077281 668658023959 665901848445 739458215780 970362757302 578805729062 248694921403 82355199880 920699473090 563213315667 464075110015 418740017772 408754116183 124424036075 273499493786 596277724566 845467649623 132533268306 327663333081 324197551932 233065329971 807463447906 625481140146 237913792647 338971945985 708494089749 908452279681 42491906149 510823715109 682438064900 536219587866 391088970520 674335167566 362754457725 387828462916 4755233439 976459619454 204966291554 388273925937 107412251864 538721200301 91042760123 564913168203 171362795455 134908011081 536497718479 167533404714 724859258021 245887456475 435813332345 
191
153
186
219
93
274
415
137
55
224
336
429
224
82
71
181
382
222
2
183
445
363
101
56
97
145
20
68
202
215
380
169
16
82
341
101
245
340
136
60
215
250
281
253
409
349
365
65
166
384
391
399
451
204
256
371
379
431
422
199
67
56
55
405
10
64
79
176
256
6
392
350
121
26
347
424
175
219
305
377
4
222
245
148
144
248
42
389
219
126
316
78
373
261
95
127
143
392
58
442
134
358
126
341
420
219
101
242
361
400
414
52
358
373
257
312
92
96
437
302
322
324
76
117
61
67
205
19
140
98
74
218
9
315
102
46
442
26
194
208
268
156
358
324
118
113
172
218
245
31
261
218
329
26
155
56
137
186
143
179
364
214
126
163
24
93
20
0
26
338
381
164
108
146
241
143
310
51
220
94
129
251
186
171
155
57
49
342
6
349
282
394
441
66
169
184
379
414
185
380
398
301
270
309
190
121
332
141
107
299
196
44
54
66
322
380
308
61
21
300
335
418
97
98
360
228
50
38
279
316
175
154
371
242
389
103
273
369
78
22
65
98
214
281
364
129
449
388
436
433
286
177
187
229
322
367
60
223
34
247
214
268
257
404
11
85
306
140
356
66
148
23
289
31
406
355
97
379
417
203
253
350
272
445
262
38
84
224
384
260
196
287
399
199
205
310
139
105
94
1
81
292
111
303
356
4
450
404
262
233
257
362
368
268
132
155
436
112
151
362
137
282
60
87
114
23
273
121
149
20
327
75
142
68
138
447
404
26
328
127
421
107
273
59
0
332
177
323
309
188
166
42
361
281
135
369
68
209
313
150
166
29
320
417
5
421
182
112
374
143
90
131
8
275
336
444
398
399
298
54
369
381
352
195
334
131
445
320
324
309
282
105
418
226
112
166
137
104
297
322
413
439
385
202
79
228
118
373
371
222
188
75
245
47
253
92
235
94
417
441
90
96
291
251
373
92
331
144
10
158
83
90
418
201
351
311
96
35
73
36
218
125
232
330
206
51
370
269
70
372
384
413
6
308
51
193
196
10
56
423
6
390
425
329
22
67
127
394
42
137
73
321
307
6
405
4
405
54
277
376
418
173
436
362
43
103
71
245
388
288
227
417
83
157
169
245
79
124
28
278
354
136
321
278
63
10
422
22
52
278
151
52
261
428
212
72
0
114
12
116
218
197
75
180
335
146
115
450
350
196
351
366
421
57
251
86
56
114
52
144
182
39
315
170
60
184
43
22
309
77
91
219
271
171
307
92
347
217
76
341
351
154
319
418
146
178
448
53
138
255
338
188
135
415
364
408
39
403
1
441
76
398
335
75
163
75
199
228
369
407
402
244
417
34
57
295
218
372
142
74
46
165
65
93
392
197
180
163
253
217
246
355
211
308
406
325
170
70
410
334
125
196
214
281
254
275
273
252
272
274
420
117
196
42
297
366
215
269
295
397
355
415
