292 215
455787 263593 350534 646782 844265 933317 795249 475160 45422 109494 776384 55005 969788 563464 184432 165723 823649 30478 508624 539916 121704 74302 938559 246730 756446 466429 621498 607925 341807 439423 208406 783378 709732 942013 341506 241239 816815 115483 341975 238847 102828 248637 773585 432638 912142 209669 393775 934665 231382 77102 493870 613514 507939 56979 933746 457038 151982 226666 972961 639038 477093 186711 406146 391628 143031 479976 754788 203587 662723 376010 282796 212034 352208 133392 33654 725836 596290 62550 294235 143133 116507 893022 488149 480855 438540 179518 797274 360266 230534 929468 309500 632959 164405 827900 833163 668991 999042 641234 949568 178191 606205 579607 896537 240861 90675 431695 898603 547115 512978 904082 226957 620318 496490 877647 485243 292732 15209 765480 448907 771940 914986 258636 259871 343195 455343 607616 233211 935144 972533 620518 992218 156207 958142 601569 941886 5325 438066 46373 42005 493516 769106 805943 528710 35254 446377 556922 413475 502551 849050 836783 730495 861187 102760 474420 519345 252195 87128 585617 789661 13027 726831 767334 426370 996078 228597 139159 375816 310159 250676 679100 95137 16704 503089 701535 319645 169663 737469 481593 899597 598088 783587 612012 25600 476936 486289 809328 145358 916665 737291 425052 193930 828227 913889 388415 657259 486850 738095 664171 1430 902177 657777 74133 403576 936834 724305 349078 556711 34304 310998 446591 789461 282895 731964 992054 642255 568785 603172 833072 217209 825955 717924 84892 650595 923636 352002 771502 977528 57475 539741 991243 954209 707425 381672 931113 54068 116357 401558 383350 487958 649209 42860 383330 384233 183782 679659 585935 739114 70261 587998 743794 811153 214657 145130 351200 250225 565848 119074 680567 501737 773200 984768 788820 608300 913448 736985 219985 789760 781207 797847 236389 336031 369845 941552 280346 528028 713270 443474 290608 57106 66448 390924 361997 474387 509846 525809 552267 869857 128671 493003 744306 557743 711258 
272
149
231
188
33
96
234
44
41
200
91
147
39
55
84
141
57
75
254
77
104
266
11
150
213
277
67
242
177
215
227
10
149
96
32
11
118
266
171
210
175
167
248
271
280
227
234
155
290
67
156
87
133
116
247
190
147
24
75
180
145
233
85
82
274
146
93
89
78
82
121
59
21
162
64
225
133
189
94
105
287
17
162
176
75
190
229
276
83
273
154
62
12
207
255
74
234
163
79
2
279
259
169
151
242
148
75
289
226
173
57
245
20
71
282
59
157
12
205
112
228
182
47
167
28
99
269
113
142
100
11
42
275
228
44
262
201
99
251
162
261
28
184
203
75
218
189
197
190
6
145
176
179
157
228
287
44
110
227
212
226
147
83
217
212
71
44
73
106
155
243
268
171
33
192
45
3
209
139
212
89
284
236
290
70
102
95
195
148
283
251
21
154
155
252
286
237
114
13
1
78
134
153
241
63
147
213
91
251
125
14
61
141
252
34
