37 578
79652670492 713049582976 711124142727 310895737856 677254537933 495582391253 824248209194 748345090283 672121847368 379031045612 500950801589 171363082307 590361393314 398914175808 155580207447 701311738633 192118089925 967472354214 404415480580 24653136256 886617557490 155906701508 502693945495 779151612543 596484220661 252766056591 442327898750 923954943580 389237853257 461304365583 459061660073 805137067007 487273968868 429292178096 401422749561 357933131257 440944421296 
8
33
13
15
13
12
36
12
23
29
35
26
23
19
13
25
9
30
6
34
28
19
26
3
12
13
21
35
10
24
33
27
11
28
1
13
24
36
11
17
36
9
25
36
12
9
26
20
29
15
8
31
20
33
2
6
4
5
1
0
3
21
5
20
22
12
9
13
19
4
23
20
28
30
21
11
18
19
6
35
10
9
10
26
7
34
26
10
35
35
30
17
15
7
9
28
6
2
8
24
30
24
30
10
1
23
28
36
11
28
1
31
36
22
21
5
23
4
11
8
19
25
9
7
12
20
18
5
22
31
1
26
10
23
16
12
32
17
33
1
31
20
10
3
15
19
16
28
27
21
2
17
29
5
21
35
2
8
0
36
1
19
24
12
30
24
24
2
17
24
21
23
32
27
26
21
8
22
16
35
12
31
18
17
5
28
5
20
32
7
1
8
6
15
4
11
23
4
9
36
15
5
4
0
0
21
4
9
29
21
6
7
3
8
12
5
11
5
5
0
27
14
13
3
5
24
20
33
12
30
12
31
11
30
18
3
28
11
32
0
5
11
12
16
9
34
36
12
7
4
12
11
20
14
10
25
18
26
32
18
13
27
16
22
15
33
0
16
18
10
4
3
4
31
22
3
27
5
28
0
5
20
23
4
36
16
20
28
22
30
23
31
19
31
20
34
12
14
10
2
22
26
29
29
20
25
29
29
28
9
9
24
26
1
8
20
24
9
25
23
0
27
11
9
11
13
6
1
25
30
9
17
21
12
1
31
25
10
19
35
17
14
12
31
31
27
27
10
31
3
22
6
4
20
30
18
9
15
33
31
13
26
31
0
19
10
21
19
27
7
8
33
18
21
23
8
23
36
30
4
1
28
23
26
15
13
20
14
20
30
17
35
21
36
21
12
8
20
36
14
15
15
31
36
30
1
20
32
6
24
9
20
5
33
31
29
17
4
28
24
12
17
9
23
3
30
15
14
0
20
22
30
35
9
17
20
31
20
34
12
12
7
18
3
12
33
32
18
15
24
27
0
19
16
13
9
18
1
1
26
5
23
29
9
28
24
35
10
28
20
6
17
29
17
12
29
18
10
8
20
1
7
3
20
35
30
23
9
20
24
35
1
27
20
25
11
20
2
18
20
36
36
2
32
3
8
31
4
4
8
9
6
33
10
15
5
23
22
21
5
26
21
4
31
25
34
3
33
26
25
9
35
5
13
28
10
7
16
14
15
3
35
1
3
14
30
2
2
14
14
9
8
32
20
20
24
25
1
32
18
31
1
26
35
4
2
12
2
13
14
31
0
22
5
23
32
10
25
