296 642
189474 123265 942190 137963 212706 3705 652802 802576 265407 12801 480922 521801 896964 522865 569903 846678 6030 637518 925582 517438 249434 227409 617467 691506 498821 475780 430075 463340 83263 630422 629253 6893 256601 925021 573930 291623 649872 659173 584633 859960 865340 217724 51296 193819 155458 57739 685011 365974 38505 152437 895305 34008 699397 606175 878722 632591 312939 347196 965094 91963 51414 114177 437212 186907 169173 704738 298195 640775 693030 725105 733843 623871 600082 825552 589486 186038 477457 785735 607091 377686 976728 37582 97650 805844 313834 338504 386474 941129 397347 860110 70954 795285 448082 884275 577211 68080 307058 493688 141082 127951 728362 901155 287749 345201 552655 433857 550132 220039 729631 219206 641785 61011 114612 599122 765176 659532 554641 91929 507158 759247 722107 634156 979257 826472 741140 301138 447799 638420 888981 331863 272274 550913 603081 653519 371043 972141 136015 644130 589965 520510 544952 764606 662551 521920 516429 847229 188647 926589 639009 244027 743008 304599 202958 1658 123950 25152 487468 655844 835435 123655 773292 889266 217403 838404 645198 434774 434154 47703 350007 366635 587639 845198 668471 222653 11847 671737 210961 723536 295308 266777 828581 71132 322723 314871 531303 576711 339659 804292 6430 119367 719151 349473 357944 415288 759585 596558 645916 30532 872461 184161 203441 346570 874330 354353 967081 705140 502382 960667 497550 835982 37286 677016 142349 504885 162935 657668 482993 935391 907254 563052 939450 351388 484936 822073 853716 434062 972859 778657 58744 875672 546385 313885 592386 760181 711142 330829 582146 561917 19628 218380 605446 718792 347833 838374 960692 931167 834439 370772 69430 156558 294084 881579 32688 355628 393469 656945 560227 883327 174032 598718 635112 408490 196482 624104 122521 906593 820348 788048 323257 739526 899489 329777 744322 33165 284686 433974 91015 521200 919653 249186 389634 473859 869750 996910 317330 226640 550608 317004 183515 117684 392394 823074 39212 815573 211916 957721 
47
227
259
12
247
256
78
97
174
247
268
158
167
73
50
264
67
105
18
235
198
267
59
2
159
22
44
170
239
23
52
266
159
11
295
159
107
164
102
98
146
141
272
163
225
60
139
76
80
140
58
7
286
263
52
105
277
179
281
163
138
72
145
293
125
87
36
159
173
276
227
25
66
14
241
25
54
196
27
44
218
200
91
228
182
159
170
101
273
40
238
290
67
47
239
49
233
158
238
240
118
114
73
132
186
200
93
169
166
232
249
15
33
243
57
179
245
236
87
144
178
294
65
260
52
207
54
166
284
36
154
272
236
205
211
122
124
280
81
246
196
33
174
106
220
222
290
175
278
120
88
39
293
249
58
237
166
284
49
227
90
157
207
35
55
194
167
253
31
46
111
71
0
75
76
231
272
149
199
295
228
100
105
162
153
291
155
222
176
45
4
261
206
65
150
31
189
281
27
0
286
183
56
144
15
120
221
201
162
195
207
195
222
279
108
88
243
71
96
284
196
184
213
78
147
64
68
5
36
8
73
249
223
69
43
70
212
233
217
92
232
260
217
282
230
196
181
115
95
217
3
295
255
121
256
137
210
279
295
187
17
19
290
247
188
57
246
40
72
269
143
238
264
40
267
45
125
241
39
276
159
27
175
273
5
240
232
262
240
293
169
215
180
150
148
85
18
155
288
133
31
242
86
293
26
149
13
146
248
42
64
258
39
142
129
67
143
140
131
7
57
89
77
228
189
89
133
120
248
92
270
16
175
43
74
78
253
211
196
121
225
85
107
295
176
27
135
59
26
85
237
204
243
154
243
272
119
194
199
242
134
74
271
222
6
147
229
195
161
271
21
49
272
181
221
139
171
138
136
50
130
200
236
123
99
266
172
92
160
280
5
4
34
6
210
50
268
53
228
179
112
145
128
98
17
12
47
29
111
62
61
44
66
192
289
94
56
94
129
150
239
38
232
141
218
165
131
82
37
141
31
195
198
170
30
132
135
91
225
35
251
102
201
91
251
55
73
276
220
111
54
226
132
52
17
37
36
292
128
228
9
254
76
0
19
199
136
77
168
200
294
1
263
251
244
223
206
35
276
115
1
196
246
62
290
274
183
170
155
205
28
46
187
273
174
41
235
148
103
90
283
20
196
97
153
199
54
183
249
43
224
97
71
18
98
12
122
250
199
32
276
157
255
273
230
8
18
173
28
172
21
207
60
108
267
234
274
76
119
36
18
72
250
9
241
23
124
66
7
88
25
157
49
233
87
32
54
58
254
112
32
103
218
172
205
166
61
294
279
70
164
109
23
88
171
32
61
140
72
212
86
189
283
84
224
124
20
68
51
192
80
8
249
41
3
3
91
45
145
213
243
64
105
73
138
267
230
210
122
89
19
92
255
45
154
178
214
2
285
120
98
60
271
48
185
276
259
112
237
106
141
27
99
57
76
242
254
90
81
22
27
186
