307 496
820686 80658 378667 263927 990089 258569 755918 655396 519887 622652 646625 205048 480103 112169 142072 319458 7097 994914 414914 348355 882496 650319 398344 843136 904081 345550 461608 350997 451534 855089 863540 901260 682662 623267 142737 315030 336242 632513 993294 729067 210609 502279 329446 186267 417585 334641 305606 770572 728717 663647 514859 603854 819960 254201 341717 394323 293917 856157 824041 412023 382747 119421 977344 591241 209506 620996 572134 188668 714828 804906 576821 28224 999298 762539 484046 988781 742777 219833 459754 836434 305483 871663 726491 72519 858748 888971 834307 833666 429017 705669 523558 145940 664101 317544 253778 264956 690659 161631 749980 443682 827407 395304 77559 470881 626980 502515 610528 420275 560325 531222 968356 965102 911878 725310 438621 570054 38552 829131 376994 735717 939002 851756 562987 622666 669181 958820 89111 114683 806307 260290 689546 696983 372254 174419 678429 642440 46449 590580 676365 710381 678160 419030 789246 347705 834909 451366 111091 11061 103397 271307 232786 535483 783133 543999 585099 608718 721069 603179 231769 467433 392293 410134 485557 809860 712566 617182 723976 524777 158068 361725 25756 506223 109628 309784 436182 965265 90026 121708 871700 986371 765619 148558 365250 327041 359732 477451 822367 216917 546429 506385 365220 499293 102366 459451 757066 730610 474426 334401 70438 314850 46854 849542 745306 120676 23683 890430 359744 679446 114676 710033 838914 172338 975095 776460 255762 541059 182928 578720 167915 347068 587045 447081 484499 243119 836508 424724 660352 193412 195441 671591 689238 453126 414799 30611 773208 643938 925995 206910 471414 620971 450419 407724 4667 738969 225231 215781 291866 788871 737946 848015 834675 65603 605394 106695 838339 914337 562969 196042 383562 341820 206648 479777 119491 275098 703282 904540 513262 553350 670154 328629 625970 407518 641004 411613 615520 119782 364826 369083 886590 480102 647352 180909 853267 706310 740283 839504 311894 963309 644334 618837 88869 704759 140455 328400 123587 250162 320215 122630 191937 391440 727121 148226 535639 407334 438556 625398 144565 
294
196
216
95
249
275
88
284
85
250
147
71
95
161
230
27
183
4
248
69
99
196
287
258
253
209
251
212
227
250
85
42
289
15
112
149
16
140
115
275
147
86
234
289
253
281
261
57
293
58
137
278
187
277
21
225
279
111
217
52
126
152
16
230
134
178
44
224
60
121
107
301
179
219
84
71
105
105
30
291
179
272
143
305
275
86
165
149
148
293
136
263
48
69
210
30
141
64
67
127
74
164
126
201
250
72
295
137
212
192
231
38
47
206
263
142
188
232
249
167
297
1
47
234
183
32
273
203
111
219
108
253
137
165
145
172
280
295
66
289
248
175
24
23
50
235
8
63
80
225
233
0
219
103
67
154
81
140
47
184
128
42
190
84
26
202
156
119
219
46
48
0
109
244
39
67
303
115
265
227
4
4
175
61
216
67
244
36
117
196
45
52
52
160
188
153
70
195
68
73
35
271
288
4
84
225
179
109
77
210
226
111
44
51
71
63
301
196
179
219
161
71
126
141
43
127
283
145
13
154
105
265
260
96
200
151
27
122
253
197
57
123
255
304
36
270
6
184
162
67
198
291
215
187
279
88
241
37
8
300
34
7
134
110
20
30
203
259
146
256
212
216
205
42
274
275
78
142
42
158
40
261
104
79
274
167
200
300
33
158
223
122
29
125
44
222
59
232
28
158
89
61
6
70
5
83
254
177
267
264
132
85
190
64
137
60
15
171
219
139
268
32
134
295
39
254
233
261
184
28
255
290
85
188
80
130
52
293
59
116
260
1
22
6
125
23
241
186
196
76
91
18
283
214
114
164
127
213
163
138
39
292
190
61
257
26
91
114
264
23
205
35
238
144
159
167
44
283
233
4
188
102
149
288
155
124
237
188
302
252
100
279
125
77
3
209
12
119
277
177
4
171
0
192
157
53
105
271
121
214
251
30
72
143
47
22
118
266
211
190
234
43
297
48
258
68
201
38
303
290
31
222
66
121
149
133
161
201
167
162
231
139
119
38
103
69
299
55
79
54
84
230
238
160
208
61
274
183
106
231
157
237
135
61
46
80
155
20
110
167
75
46
127
182
202
262
25
153
133
89
15
207
231
284
281
127
48
236
52
71
62
6
31
113
66
101
